15733 15733
Precision: 0.6405797101449275
Recall: 0.58311345646438
F-Measure: 0.6104972375690608

Output_AnswerKey: ErrorCount	ErrorPercent
LOC_ORG: 0	0.0
O_ORG: 41	0.07550644567219153
PER_ORG: 5	0.009208103130755065
LOC_O: 23	0.0423572744014733
O_LOC: 47	0.0865561694290976
O_PER: 207	0.3812154696132597
LOC_PER: 3	0.0055248618784530384
PER_O: 98	0.18047882136279927
ORG_LOC: 4	0.007366482504604052
ORG_O: 106	0.19521178637200737
ORG_PER: 8	0.014732965009208104
PER_LOC: 1	0.001841620626151013
