13248 13248
Precision: 0.28987993138936535
Recall: 0.3939393939393939
F-Measure: 0.33399209486166004

Output_AnswerKey: ErrorCount	ErrorPercent
LOC_ORG: 1	0.001718213058419244
O_ORG: 11	0.018900343642611683
PER_ORG: 0	0.0
LOC_O: 24	0.041237113402061855
O_LOC: 19	0.03264604810996564
O_PER: 138	0.23711340206185566
LOC_PER: 0	0.0
PER_O: 5	0.00859106529209622
ORG_LOC: 17	0.029209621993127148
ORG_O: 293	0.5034364261168385
ORG_PER: 74	0.12714776632302405
PER_LOC: 0	0.0
